9,9
32,32
33,16,49
34,16,222
35,16,51
36,16,52
37,16,53
38,16,55
39,222
40,16,57
41,16,48
42,16,56
43,16,61
44,44
45,45
46,46
47,47
48,48
49,49
50,50
51,51
52,52
53,53
54,54
55,55
56,56
57,57
58,16,59
59,59
60,16,44
61,61
62,16,46
63,16,47
64,16,50
65,16,65
66,16,66
67,16,67
68,16,68
69,16,69
70,16,70
71,16,71
72,16,72
73,16,73
74,16,74
75,16,75
76,16,76
77,16,77
78,16,78
79,16,79
80,16,80
81,16,81
82,16,82
83,16,83
84,16,84
85,16,85
86,16,86
87,16,87
88,16,88
89,16,89
90,16,90
91,91
92,92
93,93
94,16,54
95,16,45
96,192
97,65
98,66
99,67
100,68
101,69
102,70
103,71
104,72
105,73
106,74
107,75
108,76
109,77
110,78
111,79
112,80
113,81
114,82
115,83
116,84
117,85
118,86
119,87
120,88
121,89
122,90
123,16,91
124,16,92
125,16,93
126,16,192
